4150 834
4397 883
6952 4933
3532 9686
8188 5984
8540 8786
334 3189
8259 7757
5113 8590
8532 2951
548 9736
9031 29
3619 5229
9948 7603
1400 1439
8282 4968
7822 3304
5408 6104
6790 1564
4759 9010
2806 53
6670 6405
4775 2825
892 1669
5451 3609
7886 1508
9796 6651
3644 1975
6605 4844
8761 2994
2217 9407
9787 3716
7575 254
4142 5017
6298 4901
9540 6735
5233 4798
6900 3416
7573 6708
3561 1094
7143 9691
4136 5319
6965 3423
272 8570
6078 1784
2717 5053
1651 4190
9708 5268
9257 5668
9193 6048
4683 2396
8756 5131
9224 1688
1479 3500
810 457
6358 6207
8862 8157
7905 1349
6841 6986
7445 1856
5529 6306
2373 681
3409 6458
3078 9497
9297 2934
7687 5283
6934 4259
8764 8279
5752 2709
4906 6891
9046 6780
7146 9592
711 8364
7821 949
8466 4921
888 7533
8101 1495
2077 2296
9362 4343
3848 7567
1077 1229
2916 3039
1792 8842
3556 674
9872 6827
9264 6577
373 9060
8922 552
6554 1709
6944 9189
1505 7309
5795 4236
254 3772
4981 4770
6758 2141
833 8807
7355 2039
8816 2654
7294 5297
665 1754
3774 6362
6017 5814
8225 3628
7746 6960
7665 5941
8135 4445
1879 405
8633 246
2617 5725
3904 6684
5317 451
6164 7215
3623 7428
7828 5559
7859 3152
2143 316
1417 1667
5903 1804
2740 2040
7523 6613
2196 6022
9088 8590
2919 8412
1125 8535
2118 7007
415 7862
4306 3815
5137 4607
962 2731
1107 432
551 4362
3500 9707
1031 5873
8665 1566
8810 4018
7789 1285
963 7203
272 6404
8973 3865
424 1366
8963 5388
7160 2083
4777 3149
7844 9479
6365 3792
718 6642
8172 8641
740 7069
2301 5178
8436 4190
6067 7770
3826 750
5236 3958
4470 1673
9360 1002
3824 9810
4451 5152
8391 765
6098 2519
9393 4070
7783 6868
6320 9561
3840 8796
3576 2924
7329 4122
1718 2778
4176 5591
5714 4615
7657 8018
5382 3852
8741 9475
8675 8501
8574 4098
7959 3849
7689 2795
5501 5103
4006 8883
4620 3981
3608 3700
2063 3569
7865 8604
5985 9235
2391 8784
7249 7200
7045 4456
5481 3640
7502 8266
803 4103
2702 9537
7786 1939
5388 5276
9599 3586
9771 4394
9281 4059
9331 855
4054 8036
5427 3133
5143 4862
1664 875
425 4700
1558 8655
7070 6945
6350 1593
5839 2773
9807 1375
5032 9291
4016 5106
2451 957
8191 4259
9435 3536
9180 8768
4984 4960
4778 9892
9853 101
7073 6271
1563 5565
6565 9608
9053 2279
7047 2854
5595 3180
6403 4764
5528 174
4603 5309
7389 1437
4982 1027
1864 2542
2075 1989
8513 3982
2430 1611
7654 4279
2801 4977
5035 9194
1948 485
9334 8776
3661 4816
5041 421
1806 1519
7022 7714
1008 568
2814 8058
1955 7697
6266 2247
7005 7878
2229 6286
9721 4277
4397 2692
6687 8393
6669 1696
6916 7731
9715 5887
764 1502
6188 7800
9141 3608
8855 6124
838 4673
4315 5617
6278 9032
3470 2014
3429 2975
1109 798
1205 141
9237 2811
5677 979
4381 1806
7933 6913
8377 6733
9291 3975
9776 3833
906 5006
4237 3802
8849 6818
7975 3204
9713 8170
6761 106
8940 4329
793 2315
179 6903
6757 1587
2089 4584
7366 9366
9449 8563
4278 2872
6533 1474
4149 5650
3361 173
6840 1468
9996 2735
5288 7247
6198 9150
1875 7909
5525 6034
4626 4453
6110 2144
1879 7854
1579 792
124 7985
2272 3507
1146 3387
7829 6294
9590 7744
9123 6571
2589 2809
5911 3484
540 4103
8897 5397
7093 3251
5224 5760
2349 2141
2474 1638
646 9722
2115 883
3592 8127
8997 2577
1540 9372
3607 8808
6523 7318
2433 5043
8872 3153
526 4161
3402 5620
1475 5382
7723 284
2711 6195
9558 1581
4248 1749
2140 9311
4336 1858
5924 7981
8593 426
5779 9994
6386 4986
377 8883
3770 7656
2733 3657
5829 6802
1099 4110
51 8171
4548 722
8208 2306
485 3611
8061 499
3452 6062
2165 3291
5211 6408
6892 5695
8344 9761
9865 4448
7912 5320
353 9741
9275 6231
3070 7496
1544 4933
2353 6006
145 2824
2747 1556
4415 995
1444 3055
1285 9809
3773 7023
6077 3439
7058 1592
2499 9343
8697 9465
1749 716
1216 5653
5611 1978
4242 6738
9845 2962
1378 6974
4834 409
9238 9555
790 7019
9824 8659
9517 1318
5494 5796
8082 737
7073 4213
369 8296
8902 1433
8192 5351
5156 3964
4248 9507
9277 9746
5409 7206
7463 2607
1773 1402
7543 3146
5904 2662
2192 2713
1910 8593
623 1289
4241 2291
6743 9722
6893 8002
7750 2041
1189 5691
8984 8081
136 2288
8081 9490
8995 9227
5102 5131
8257 2430
120 2739
8342 3668
3151 5680
7494 8534
9810 1525
7923 2484
5991 8886
1145 2542
1915 3767
767 9019
6425 1209
3195 5244
2635 406
2305 8419
9608 5059
4456 4808
771 5099
3560 3519
3056 2411
3343 2863
6163 3294
2226 5422
8201 2367
1289 5491
3456 2831
5556 2852
9076 2376
5757 2517
4278 4968
4057 5772
3207 5464
9708 9145
6983 2692
3891 4894
1475 14
89 1170
3189 2813
5990 2027
538 1359
8160 2289
6490 6845
2476 4512
4231 8462
3750 9410
9685 2099
7811 2145
7064 1632
7239 6300
3798 9991
9018 6239
2763 3646
3597 8580
2626 5359
7178 3652
3956 7959
696 2714
7123 2690
8428 8087
5058 7786
3629 1606
4979 1179
9719 9546
7269 4908
8509 2701
6656 6803
248 9156
4381 9005
6678 9265
3909 9159
919 4122
149 717
8846 943
7078 1450
18 5867
1856 7834
7005 653
9180 9786
9313 601
5305 3102
5835 7328
9112 858
7977 3939
1044 9620
3663 2557
7660 2151
6828 7916
3741 3400
7412 2961
3254 8638
3147 6410
3364 3288
3817 9748
1692 8033
3449 1300
1507 900
4005 992
9926 2755
4457 1730
7191 4298
6176 7515
4654 9671
9905 6924
88 1245
1149 8872
3016 5574
6967 7619
3344 2211
9337 5342
9711 3471
638 3768
1098 4454
5456 2961
7957 1699
6061 5900
5379 7955
4637 89
4165 1946
167 9873
2670 9157
4083 7167
8351 5466
8276 6514
4494 9458
110 5302
2310 2287
9750 9956
6415 7878
2434 5063
3202 6896
5882 2699
4842 2086
1459 3330
5728 2518
7080 1303
6311 4552
7864 5640
5087 7549
2961 5770
5653 5568
7809 6809
3567 6940
5927 9180
8689 3375
9310 6313
8285 3313
5977 4260
446 5087
470 9779
3249 9278
881 9970
7928 9003
9102 5081
9694 7573
7633 3663
534 8842
2213 9701
2382 4856
5929 2930
5158 5593
7506 1677
8396 7983
1378 6476
6251 5046
3170 1625
7167 566
9405 8088
5568 9984
4413 8632
1671 546
8796 5117
9106 3124
8564 5428
3787 6055
8194 5070
5214 2453
6855 716
1188 91
3851 3880
2327 7718
9692 9657
6902 5062
9822 8046
6036 9509
3740 5516
8157 5464
8730 4889
2130 9020
5814 3402
4018 273
1931 1385
5024 5592
2343 5383
679 4743
9509 2636
3208 4287
9844 8119
8715 976
961 2739
7923 1613
5286 8528
9952 5469
2505 8429
3501 5683
2359 8029
9958 3708
3628 309
7103 4252
9711 6872
8321 1838
5916 2114
2395 9047
1289 3014
8867 3171
103 567
6189 4734
5053 7820
3847 7166
1991 302
7710 3063
8776 1705
6097 2776
1162 3248
7435 4133
934 7182
375 9331
8233 8775
8559 8185
822 2519
3315 9079
7477 8231
8778 7596
4164 1071
2972 5496
1569 4445
7102 8032
8332 1760
5324 4209
6369 3435
4531 4223
2600 5496
20 9053
543 9123
2657 2874
732 6033
8757 6400
4155 6118
2305 982
6124 8531
1204 5880
491 866
3909 3462
333 3982
4410 6476
849 6595
1013 532
44 5550
7667 2392
4595 6906
2391 7268
4273 4805
1406 1645
407 8318
5892 8642
8601 7804
1223 1633
9443 5773
2878 3046
8965 1302
6999 2940
7272 509
979 1290
1124 6374
3744 9066
5583 6523
6783 6141
706 7601
7830 1880
212 276
9315 8541
7293 6863
1768 1052
7703 7568
9873 5045
970 1166
5109 5754
734 4745
9787 4231
6669 7966
7477 2401
4967 1364
6736 1035
4835 7536
1871 2313
2902 7148
8930 9390
3778 6676
2158 7702
8608 2146
823 9445
7633 5025
7865 3131
2523 6113
9544 8501
4623 6802
1123 7169
5306 4171
1112 4101
9490 3583
6894 9230
6428 1253
1888 9167
1807 3088
7283 9024
4331 9020
6981 85
1453 5849
6194 7390
8182 6877
1357 5345
2646 4756
3604 8676
3698 32
8496 1481
119 585
8622 5017
5566 2309
3346 322
6217 8891
23 980
705 7553
5664 7686
6937 8691
4249 4800
6724 1492
1140 1879
3053 8325
4014 1248
7340 9137
973 2741
4066 7892
7197 5922
9841 4102
2347 2019
7491 4657
8414 383
2253 1803
3742 5391
1436 7838
9263 6036
3428 9059
7526 121
5492 6750
9699 3651
9313 6053
8799 6291
5556 8356
3186 2291
1157 6373
6408 2952
664 1734
8962 3072
8482 9952
9976 8858
2403 1862
5528 7500
5274 1356
3226 6961
4225 8792
3550 2223
5725 539
4904 9938
5618 5185
866 7878
7312 4084
287 2111
3509 2902
5377 3613
665 5547
8890 2436
7016 9726
9630 4729
8604 5197
7920 8573
2650 2338
3373 5684
6536 6100
363 4786
217 9604
9448 1523
9149 4017
6419 1901
9641 3324
2191 2461
8720 8329
3361 4104
868 4511
7783 481
1626 559
3656 8670
7397 5861
8927 6180
5251 160
2974 2976
7413 7099
446 427
2239 3221
9725 2792
4500 3458
3478 9509
7892 5652
7871 7429
733 8289
394 3265
1121 9453
2018 4782
4627 565
7736 8348
4696 3710
6142 1181
1124 2026
9945 7128
3525 9772
9282 1964
6816 2983
717 7758
6766 6862
3268 5313
9378 763
3890 57
4768 6005
9428 2316
8208 4852
4275 6379
9112 628
5705 8575
3693 9183
363 5620
1691 6984
1914 9934
8526 1955
615 961
3966 1818
1495 8838
3715 8829
2001 6303
582 1820
8864 1877
3457 7262
8427 264
3944 6042
7525 1657
8503 1986
5484 6324
436 171
8454 5496
2259 9930
8378 222
8259 210
326 3446
4996 7936
4276 3242
6854 4090
9907 7377
2223 3486
1415 8702
69 2736
7184 6727
260 8441
431 8368
6312 7420
2463 3815
8994 5408
5184 1117
8415 6357
2261 9120
6486 5821
4927 4644
507 2815
3499 9001
2768 6977
2688 1114
9786 7540
8185 9941
4133 6783
9551 7011
8064 3706
7674 2451
407 584
3377 8060
3026 3317
7837 5442
5535 248
2622 594
7544 8589
122 4547
3408 1022
4028 7087
7143 2938
9305 5157
2307 4088
301 7140
5349 1204
6333 2446
496 5096
7447 5147
6043 1493
9441 9714
7353 5811
9832 663
9030 3565
7256 8947
572 5995
5126 4496
2170 1856
9914 7160
9347 7731
6140 1273
9197 6351
7466 4827
4136 7138
1314 9033
1298 5670
7751 567
4684 615
931 488
3325 7149
6623 9101
5612 8320
709 615
7604 7829
4048 4121
9605 8954
6908 8357
6050 2897
6191 6124
7491 9925
5521 1229
8276 5756
8791 9493
3382 3809
3812 290
296 7610
2656 8740
6099 7440
398 1862
4384 4182
2382 2954
8008 4879
6185 3406
3923 1775
8444 8516
5455 5766
9044 5364
9658 9918
9384 1912
6041 924
2266 7684
5480 8925
3117 6148
2830 3710
5825 6524
7106 5450
6498 6854
3457 5783
4711 3212
4127 5400
9510 3070
1728 3731
3607 2126
3042 5858
729 5234
8780 295
5009 7942
2569 271
3259 8511
3542 8094
2462 6187
8106 8928
7331 2834
5917 3135
9362 1080
5553 2160
7225 4090
8629 9230
4776 8764
166 9661
3632 4632
3267 5723
8728 9070
3022 7749
8 3441
3618 9260
4155 5639
855 3734
1706 809
894 3309
5056 3131
3879 3359
