2500
8211
3923
9260
710
186
3340
9645
6428
379
7916
5012
9046
6269
9414
3969
8202
688
7612
6098
4412
709
5990
9520
5546
6345
6878
8495
4943
8299
1462
5400
6599
5505
3274
7974
3749
3613
9768
5972
6339
338
2871
9117
2866
3320
8477
1554
5808
4934
6891
8433
5514
548
9461
191
5259
5785
6114
495
8119
9564
982
9641
136
3774
4714
1354
8446
9049
2620
886
5247
4786
1468
2351
6039
525
2655
5370
4164
1841
903
1721
301
1690
2777
7169
2318
5815
9326
2170
8848
394
8642
7647
6987
8971
2741
982
2166
1859
1118
3675
9458
4318
9202
5277
3809
7671
6878
4819
2517
989
5910
8899
8671
5851
6913
2322
3244
7939
5311
7851
26
1640
9930
3357
1651
133
546
7524
2189
8298
2598
2824
356
1261
3105
9798
899
1381
679
6954
2288
4381
5872
2574
3225
1435
2253
5299
8563
7223
3615
3132
4582
282
329
8888
3904
5140
5580
3065
5784
7612
9640
1359
963
5052
3182
6735
9489
9061
8570
443
116
3657
3425
9281
2548
418
6716
9680
88
9382
5377
1307
2088
2509
5989
8562
3910
7093
5332
2231
2426
258
1988
8325
6527
1547
234
5704
463
5570
9362
6631
8193
8841
9415
3242
8724
5774
7075
7805
5637
9250
2360
8260
2041
5758
9041
1336
3398
5937
235
8114
5906
9558
372
862
1808
6574
809
695
3290
1191
9216
8004
820
641
5960
5652
6591
4675
9132
2074
9586
7548
5709
869
1871
582
3647
3970
2676
4904
3778
6520
8981
8295
7637
3192
3396
2657
9582
5257
1453
2808
6689
218
5092
6878
1667
4893
4787
996
264
8708
5424
1114
4887
8613
8364
2008
8772
5345
1533
4510
2564
9586
4293
3785
2047
365
9828
1368
6590
4699
1295
8978
581
8397
1041
2
1303
8102
1021
8753
7210
9431
769
8263
4163
6715
7407
3881
8638
2946
1108
4995
9725
8055
1927
7090
9541
865
5385
7394
2987
6198
9046
5864
5609
8829
1113
6223
761
1403
7893
4202
9854
3020
9764
1434
7135
85
5293
3078
7982
6588
3828
4273
5599
7106
520
583
6294
8569
4471
7737
8603
4953
4685
2958
6114
5709
7012
6616
911
293
833
8468
9795
3904
5287
2119
7532
3786
1581
4227
3605
1692
7672
3912
3763
8528
6454
2065
1212
9292
9535
4717
3990
4532
1942
6982
548
9442
4312
4870
4570
7777
5614
8567
5480
4172
5040
2680
2168
2486
5432
9146
6312
3572
2144
4133
4316
7313
6075
1166
775
8383
8937
4612
2628
3187
6964
521
1849
5426
9766
8674
1175
3468
3392
4057
8791
2625
1101
3188
815
7993
1671
248
1688
1577
1546
1918
8120
5808
6243
5241
3287
9246
7432
4405
11
4401
7872
5977
9147
8546
4411
17
2333
4563
8817
8479
2415
4026
7402
4326
9064
4652
7905
2081
5123
9413
6041
600
4471
7919
200
6017
4551
6461
2349
3437
7026
6338
9887
3932
5021
1174
4635
3685
1796
7392
7740
8810
7453
8428
8683
1794
3870
7321
9576
3030
1455
5207
8351
8936
1593
5197
2971
2607
5337
6442
7668
861
1967
9507
4735
814
8978
340
5929
1031
515
5964
2284
5773
2066
111
8051
9921
5842
1946
3165
166
3421
6814
3307
8624
3013
3925
8902
5544
5057
986
5668
3071
6328
3112
1000
8162
7441
4761
8509
8969
3010
2949
6506
4080
8458
4604
5484
1240
284
9178
5997
2462
9137
922
1431
5689
3199
7416
4039
464
9913
341
5536
1630
8066
3328
3509
9442
4108
7070
2065
8706
66
779
5863
7586
8211
9933
3764
2830
7216
5460
6411
6655
4966
2621
3982
6981
6625
5379
7354
1274
7625
2039
2270
7050
9585
9177
7114
2135
3196
7144
7422
7416
3582
1841
528
869
4368
4262
671
1131
1821
587
1878
8911
8909
8603
4474
7405
3482
8239
1588
5699
5654
6859
3317
3976
7903
6065
2135
8969
2292
2013
3390
2756
1377
3746
5494
5178
4232
895
3088
8831
1358
188
4723
3751
9470
70
3159
1680
7306
2033
371
8802
51
6591
5376
2253
3077
2890
7475
7573
43
3082
9026
7727
266
3994
9695
8955
7555
1762
9862
4515
7587
4953
5724
4652
7734
8041
863
9218
2977
1006
9208
9674
3390
86
7204
8779
5062
5292
2135
3325
5305
3831
5857
4251
3634
2158
3938
1699
9744
3843
9902
9077
4226
4126
97
929
1226
3244
6316
2438
1012
8079
1216
2225
8818
9242
7530
1811
4650
6462
4017
34
1520
3686
3414
5927
387
4470
2894
852
2104
3655
3729
9869
6045
9171
8980
259
9155
8419
293
6052
2714
9562
152
9615
8338
9210
1634
7340
4095
7733
7826
5454
8490
3281
2811
455
3411
6853
130
361
9676
376
9585
7403
5591
7705
891
7336
6548
7879
6634
5394
3394
2535
7854
6008
7752
1136
6959
7709
8700
9785
3460
7839
6834
1918
1198
8439
4598
586
2695
2103
7485
3243
8829
229
9464
8565
717
5111
7182
9464
3826
9926
2083
4773
7409
1836
3495
2422
9931
281
2622
3794
3645
9957
5332
6778
7519
624
8234
7517
3754
8788
4587
4222
5299
8169
4063
3521
6680
3386
1651
1688
6114
1193
2530
6690
307
9939
4832
2306
5096
8169
9858
1581
4083
7691
6668
8075
5942
4610
3644
1681
6054
3712
2108
6791
6010
8480
7606
7620
550
7488
7262
5815
8082
1087
9315
8700
676
4826
5754
3270
601
9527
5281
9100
2909
6283
1527
4757
4098
9059
5427
5406
1592
5661
4450
8431
393
6709
8841
8647
1092
6684
6304
4991
2840
3030
5254
9639
3246
2717
428
2215
2149
3495
7627
7330
6721
7155
2758
9955
283
5150
9971
4673
4735
9145
4654
5657
2677
1827
2706
1737
3420
315
9743
6360
3438
9831
3003
2824
2668
6132
7653
2391
558
7450
5401
9397
8164
4391
93
9172
3746
132
2174
4914
9920
7780
2129
9435
6683
2363
4639
4696
7018
2365
8349
9123
3884
336
6191
3556
6175
4338
8269
4432
