142
448
194
907
520
986
840
672
875
355
411
527
336
327
214
738
747
83
698
762
345
249
874
208
832
928
399
558
159
323
665
413
711
997
55
867
600
111
329
922
229
389
366
626
23
347
186
744
891
703
695
969
166
129
665
276
905
528
822
1
985
316
628
113
477
118
354
803
633
874
389
203
648
994
465
706
303
602
176
526
722
657
716
753
285
556
471
330
396
912
931
725
224
937
346
411
904
85
490
141
11
276
380
675
310
952
155
918
569
868
752
20
113
854
466
263
651
269
475
527
300
700
719
303
870
867
448
950
152
655
583
313
349
487
413
129
583
24
566
362
941
820
106
664
919
934
510
285
906
655
859
999
765
96
48
668
600
115
958
196
832
964
854
374
741
611
448
26
428
582
148
901
127
85
143
340
52
431
379
486
704
493
715
496
545
844
332
785
225
260
663
384
427
92
35
383
964
456
228
652
112
221
904
228
607
391
567
215
201
927
724
737
434
490
59
8
652
54
855
372
382
7
441
117
372
310
513
665
141
509
717
190
655
939
143
425
642
802
304
896
406
313
525
198
66
933
69
579
368
676
421
347
50
177
884
104
660
792
828
249
668
430
948
666
421
323
266
751
233
763
279
216
774
415
824
237
673
851
23
244
906
768
849
495
349
938
219
80
41
174
43
268
852
570
268
626
525
275
768
445
617
760
195
853
960
67
164
819
889
140
573
209
681
613
455
957
782
90
24
42
729
380
627
258
976
177
934
618
92
217
740
53
949
807
975
706
40
193
919
832
547
633
295
994
349
311
668
371
546
131
450
924
90
708
549
843
157
199
617
609
661
247
539
115
322
85
493
392
66
139
542
658
836
921
360
715
794
977
324
451
300
261
425
162
428
223
733
562
152
501
937
295
839
474
86
898
513
358
790
538
890
566
27
70
583
702
62
805
426
896
535
852
511
668
69
445
901
52
823
503
89
691
852
749
670
696
578
955
458
149
510
604
150
280
767
617
406
504
744
317
237
836
611
462
788
925
520
517
929
305
203
631
106
129
583
450
562
196
638
829
738
133
31
204
192
392
735
221
634
724
408
911
561
722
998
227
634
986
218
362
78
288
404
685
930
778
117
307
916
637
998
792
229
832
736
212
861
590
619
268
486
311
453
313
489
784
826
895
793
479
960
737
830
988
943
836
134
28
427
421
879
798
413
14
315
777
568
399
171
329
914
275
613
340
970
11
243
75
422
26
156
441
752
226
561
645
343
697
463
117
379
615
568
306
281
793
28
113
292
141
575
457
235
442
443
129
788
45
255
658
895
498
522
615
478
869
666
431
729
917
292
869
384
137
467
643
481
365
486
737
968
894
164
517
209
157
791
584
374
935
565
177
116
899
314
644
369
190
815
13
548
758
776
460
733
208
598
261
883
595
856
848
481
47
73
689
301
139
797
737
908
918
794
527
267
115
126
308
296
700
966
191
784
388
426
640
275
528
987
24
610
438
696
165
670
554
208
144
428
853
64
442
882
257
955
59
26
761
265
854
932
49
293
150
262
14
194
73
6
773
398
515
809
972
636
409
312
629
28
674
99
936
386
859
205
100
811
64
306
667
704
648
66
997
496
732
30
797
28
746
909
697
609
495
78
151
806
584
519
482
518
176
939
218
889
323
136
60
609
980
254
456
384
875
727
393
608
720
468
462
702
435
335
458
256
963
441
192
265
123
865
455
868
479
808
280
396
330
484
622
248
892
852
102
485
485
946
817
316
586
38
343
1000
265
83
216
416
601
328
608
383
997
59
761
110
956
351
461
287
314
87
873
576
202
357
888
140
325
190
401
580
910
493
118
140
948
540
946
239
393
476
135
250
845
965
447
232
28
277
782
797
403
973
705
531
299
888
78
128
9
88
876
60
408
499
533
682
29
28
668
362
664
598
678
28
508
702
296
969
915
806
633
85
182
436
706
398
654
901
604
617
31
403
907
667
368
409
465
518
560
894
427
550
120
673
828
113
302
742
704
126
451
286
89
886
370
607
13
951
231
892
811
617
507
501
929
989
5
91
140
262
956
976
96
244
119
130
666
743
202
862
573
175
310
458
48
104
509
934
78
946
341
207
80
638
142
252
48
895
797
923
817
392
605
11
344
529
433
234
848
585
123
426
951
537
800
666
474
867
990
391
972
192
300
646
290
205
728
793
16
422
737
512
829
524
279
868
522
660
22
497
441
484
939
951
471
146
279
179
529
523
144
365
929
926
69
165
487
557
751
274
253
653
50
10
594
29
165
927
723
