417
347
485
878
127
382
237
347
949
35
718
860
967
785
163
595
935
40
99
158
332
79
743
495
678
892
921
845
613
370
548
231
891
445
205
968
734
875
399
388
628
637
30
192
478
732
534
511
231
439
833
907
79
808
316
147
696
865
564
840
488
743
256
594
417
175
611
958
141
754
679
759
999
887
195
287
847
535
689
817
638
37
84
539
463
720
373
822
773
88
213
672
298
240
27
76
31
815
907
114
950
121
286
858
939
195
103
373
215
330
582
210
684
871
912
554
195
525
852
751
779
575
611
888
876
499
240
630
388
621
708
155
135
872
872
68
359
124
84
589
291
694
959
728
996
33
207
881
146
952
661
891
252
853
331
343
772
644
500
131
711
551
668
61
302
858
883
827
951
741
831
308
877
593
780
331
976
360
996
406
60
954
516
604
529
92
527
849
930
148
262
965
593
629
488
494
591
494
591
809
122
545
829
407
832
734
869
862
88
192
478
12
972
254
588
688
541
578
456
971
218
33
39
164
115
350
26
964
301
670
783
879
793
243
73
538
498
562
335
733
110
830
366
632
619
532
846
904
90
835
719
275
207
879
110
473
452
614
326
491
514
72
991
276
574
338
769
12
313
240
445
935
789
745
19
126
814
133
742
800
759
858
675
513
882
464
492
238
648
751
586
778
569
253
618
413
254
456
470
258
276
49
979
453
79
483
467
37
206
709
877
129
870
544
819
56
909
323
464
378
20
712
729
669
571
7
77
651
10
475
807
396
50
724
23
613
565
549
940
298
870
890
211
775
188
122
455
683
643
977
979
179
321
134
828
298
50
675
236
675
121
515
546
575
286
760
397
890
33
18
830
971
866
567
11
176
617
696
735
883
559
950
509
574
806
544
897
833
477
451
565
568
337
663
596
543
547
652
828
946
250
906
812
947
510
397
342
56
803
561
555
146
867
254
861
717
197
671
636
628
98
683
640
554
554
698
339
279
180
16
264
306
923
952
480
154
686
996
929
348
538
962
406
844
488
925
880
292
988
952
145
676
322
24
306
993
988
173
440
646
415
241
79
911
873
665
280
471
989
895
660
701
664
54
753
648
386
785
249
331
716
199
156
753
131
690
399
903
498
686
705
961
429
82
743
977
278
700
839
380
322
918
497
626
698
160
411
224
559
820
463
305
851
209
47
710
193
50
767
694
341
97
143
945
250
729
327
86
911
294
822
754
429
499
685
283
7
257
906
252
934
737
76
686
828
394
851
817
698
315
849
210
881
252
735
464
133
280
499
219
793
105
728
624
390
137
419
932
523
268
170
395
115
160
662
824
652
398
279
622
653
999
447
753
404
696
837
722
271
829
937
827
902
946
394
156
227
654
85
632
541
784
624
611
707
242
237
892
833
173
866
221
352
303
643
489
799
720
5
691
370
490
604
277
990
903
180
316
818
305
159
784
892
848
653
963
83
960
879
991
377
18
379
838
910
344
818
205
788
575
583
802
22
891
179
31
117
628
745
147
105
484
39
311
987
729
796
895
600
269
333
231
282
864
918
70
606
533
448
243
752
563
351
700
86
648
115
916
432
431
67
321
19
146
831
60
738
127
887
566
450
83
710
560
372
172
851
787
162
382
34
616
471
138
437
243
188
33
494
871
607
350
771
367
550
16
663
693
0
826
49
60
552
384
988
860
235
313
180
393
237
620
686
50
183
410
823
507
769
686
41
565
716
126
284
300
435
364
168
58
873
834
463
67
736
134
490
490
711
703
739
793
345
911
743
528
766
834
894
13
11
814
935
12
75
990
208
530
577
218
677
660
367
828
905
401
811
677
959
729
521
622
887
672
758
926
780
212
548
259
352
555
973
379
741
445
694
707
120
242
110
340
618
425
127
225
112
286
735
781
32
454
608
373
937
58
427
579
570
581
198
276
298
709
809
416
235
260
508
550
464
828
149
784
930
649
369
587
438
538
716
241
552
454
838
731
962
334
763
757
789
382
604
610
369
74
920
37
234
288
492
517
221
598
341
470
729
700
610
750
571
219
229
508
602
886
39
651
461
619
15
803
481
354
163
14
418
866
575
327
235
472
238
980
924
966
958
896
206
731
463
595
736
217
77
946
226
562
735
61
623
656
428
488
574
469
415
540
336
138
545
742
738
182
187
93
192
812
552
474
851
659
441
621
677
12
603
250
227
687
160
93
22
772
232
139
167
437
672
418
604
742
345
502
384
433
18
495
367
507
482
597
207
224
610
311
421
963
577
179
871
268
632
805
159
649
259
933
397
394